000050000500.

> .. ...η-ψ... —n—*wm

STADIASMUS PONTI EUXINI.

1101111118. 1110111108. 1111011808.

· 11 010011 11110101.

00 1101011000 ............. 10 00
101 canum ........... 150 70
0000011000.. 1101 1 1.
morncnlippo& ..... 000 3001150 1001110
8010100110.....,.,11100 1110 110 ’
1111100 ........... 000 0001110 000 150
0101001000 ........ 1 00 000 10 700 110
0001111110 .......... 1 10 710 10 110 110
0010111711. 0110110... 110 100 110 070 n

1011010 ........... *100 1010 100 1000 150
1 11011 1001111101 10101

11001011 010011101οὶ1υο ...... 110101 ’1ψ1 100011 050 90011. 0101101117· 101011( (.,1100
010101010101100 .......... 11710 1110 171101111.

 

11 ¹Amo 111 1111100111.

1010100110110010 ........ ι 10 10
1000000000500100.....5... 1 110 00100 170

,1010001 1011011000.. . 100 1 100 100 100 070 011110101101101011011. ’ Ι
flendam! .......... 500 520 500 1120 Ι)103001111101110.1101)01100.
1111000οω10..1010111110

*00 050 00 020

00 710 90 710

00 710 30 710

11 710 11 710 1
1011110100 ......... 00 500

1011011010 .......... 110 1001110 100
1011100000 ......... 10 110 *50 1110 11011 (110101 111 10110100010101100, 111-

111100ορ1 ......... 130 1070 100 1110 0101111,.1 , 1
omninum-m..- 111011 15 1110

, u 0 111110
flumem ........... 75 1100 20 1200

0111011 ........... 90 1150 00 1100
1111111010οῆ ........ 00 1010 00 1300

1101011110οω0 ...... 150 1100 150 ¹500

0001001101.0011011110.110 1110 110 1010 01011(0001.)1Ρ111100110 1011οω01110, 011
1011101010 ........ 00 1010 30 1000 0500le-

1011111 1100 ......... 110 1710 110 1770
10111110.. 101110 10 1101

Argyria ........... 10 1010 10 1800
1011011100 ......... 00 1110 00 1070

corana ........... 100 2000 100 1070
cernulat! .......... 1 60 2130

1111100 montem ....... 100 1100 00 1110
cordyla» .......... 10 1110 10 1105

1100001110 ........ 10 1100 15 1010 10010 (100011110101101011110100110, 011
Trapezuntem ........ 00 1015 00 1170 11101111,1.

111 10010100 1111110 ad mpetum 11101 110701 ²²⁰⁰ ⁵⁸· ¹¹³ 110110 “¹ ’111111101θῆ 51111100· ⁵¹⁸ >
''⁰⁸‘’ 04 770111· “mm ······ 7001 ,70101

1

1

1

 

1 11 1101110011 10 1111111.

A Trapezunte 10111111 portum... . 100
1011000 1111001100 ........ 00 170 00 170
&Tamum ......... 30 000 30 000
........... 30 830 30 330

1111111000 ......... 110 000 110 150
mumma ......... 30 100 30 100

1010000111 ......... 00 1110 60 1110
00111111. ........... n 00 810

11001010 ........... 180 7201180 720 ·

171111010οΗ ......... 10 700110 7110
0..me 1.. 1 1 11 7111

01111000 .......... 00 050 00 050
1111110100 ......... 00 010 010

11111000 ......... 50 1000 00 1000 111011. (110 0111001. 1011111010 111111,

 

